0
2866
2902
2628
2570
2541
2531
2559
2538
2525
0
1282
1286
1322
1724
1426
1494
1601
1308
1286
1382
1292
1284
1275
1273
1283
1292
1280
1275
1284
0
529
527
525
525
525
532
528
526
522
525
525
527
523
526
527
525
522
523
717
763
813
604
549
570
585
537
543
537
535
523
525
526
523
524
535
674
527
526
521
525
525
531
529
522
519
523
546
599
530
0
275
277
275
276
274
277
274
273
273
273
274
276
276
276
272
273
273
274
273
273
274
273
275
274
274
272
277
276
275
272
278
277
278
274
274
274
298
273
274
274
277
273
276
275
273
274
274
274
274
273
272
293
281
316
406
284
284
298
329
319
373
315
287
289
283
283
290
283
286
275
273
275
273
273
274
274
272
273
271
273
274
276
275
272
274
274
273
274
389
276
276
274
272
274
276
279
276
274
272
